Enter the year: 2015
Enter 1st day of year ( 0 = Sunday, 6 = Satuday ): 0


            January 2015
-----------------------------------
  Sun  Mon  Tue  Wed  Thu  Fri  Sat
    1    2    3    4    5    6    7
    8    9   10   11   12   13   14
   15   16   17   18   19   20   21
   22   23   24   25   26   27   28
   29   30   31


            February 2015
-----------------------------------
  Sun  Mon  Tue  Wed  Thu  Fri  Sat
	           1    2    3    4
    5    6    7    8    9   10   11
   12   13   14   15   16   17   18
   19   20   21   22   23   24   25
   26   27   28


            March 2015
-----------------------------------
  Sun  Mon  Tue  Wed  Thu  Fri  Sat
	           1    2    3    4
    5    6    7    8    9   10   11
   12   13   14   15   16   17   18
   19   20   21   22   23   24   25
   26   27   28   29   30   31


            April 2015
-----------------------------------
  Sun  Mon  Tue  Wed  Thu  Fri  Sat
			          1
    2    3    4    5    6    7    8
    9   10   11   12   13   14   15
   16   17   18   19   20   21   22
   23   24   25   26   27   28   29
   30


            May 2015
-----------------------------------
  Sun  Mon  Tue  Wed  Thu  Fri  Sat
         1    2    3    4    5    6
    7    8    9   10   11   12   13
   14   15   16   17   18   19   20
   21   22   23   24   25   26   27
   28   29   30   31


            June 2015
-----------------------------------
  Sun  Mon  Tue  Wed  Thu  Fri  Sat
	                1    2    3
    4    5    6    7    8    9   10
   11   12   13   14   15   16   17
   18   19   20   21   22   23   24
   25   26   27   28   29   30


            July 2015
-----------------------------------
  Sun  Mon  Tue  Wed  Thu  Fri  Sat
			          1
    2    3    4    5    6    7    8
    9   10   11   12   13   14   15
   16   17   18   19   20   21   22
   23   24   25   26   27   28   29
   30   31


            August 2015
-----------------------------------
  Sun  Mon  Tue  Wed  Thu  Fri  Sat
	      1    2    3    4    5
    6    7    8    9   10   11   12
   13   14   15   16   17   18   19
   20   21   22   23   24   25   26
   27   28   29   30   31


            September 2015
-----------------------------------
  Sun  Mon  Tue  Wed  Thu  Fri  Sat
			     1    2
    3    4    5    6    7    8    9
   10   11   12   13   14   15   16
   17   18   19   20   21   22   23
   24   25   26   27   28   29   30



            October 2015
-----------------------------------
  Sun  Mon  Tue  Wed  Thu  Fri  Sat
    1    2    3    4    5    6    7
    8    9   10   11   12   13   14
   15   16   17   18   19   20   21
   22   23   24   25   26   27   28
   29   30   31


            November 2015
-----------------------------------
  Sun  Mon  Tue  Wed  Thu  Fri  Sat
	           1    2    3    4
    5    6    7    8    9   10   11
   12   13   14   15   16   17   18
   19   20   21   22   23   24   25
   26   27   28   29   30


            December 2015
-----------------------------------
  Sun  Mon  Tue  Wed  Thu  Fri  Sat
			     1    2
    3    4    5    6    7    8    9
   10   11   12   13   14   15   16
   17   18   19   20   21   22   23
   24   25   26   27   28   29   30
   31